2442000.5
2442010.5
2442020.5
2442030.5
2442040.5
2442050.5
2442060.5
2442070.5
2442080.5
2442090.5
2442100.5
2442110.5
2442120.5
2442130.5
2442140.5
2442150.5
2442160.5
2442170.5
2442180.5
2442190.5
2442200.5
2442210.5
2442220.5
2442230.5
2442240.5
2442250.5
2442260.5
2442270.5
2442280.5
2442290.5
2442300.5
2442310.5
2442320.5
2442330.5
2442340.5
2442350.5
2442360.5
2442370.5
2442380.5
2442390.5
2442400.5
2442410.5
2442420.5
2442430.5
2442440.5
2442450.5
2442460.5
2442470.5
2442480.5
2442490.5
2442500.5
2442510.5
2442520.5
2442530.5
2442540.5
2442550.5
2442560.5
2442570.5
2442580.5
2442590.5
2442600.5
2442610.5
2442620.5
2442630.5
2442640.5
2442650.5
2442660.5
2442670.5
2442680.5
2442690.5
2442700.5
2442710.5
2442720.5
2442730.5
2442740.5
2442750.5
2442760.5
2442770.5
2442780.5
2442790.5
2442800.5
2442810.5
2442820.5
2442830.5
2442840.5
2442850.5
2442860.5
2442870.5
2442880.5
2442890.5
2442900.5
2442910.5
2442920.5
2442930.5
2442940.5
2442950.5
2442960.5
2442970.5
2442980.5
2442990.5
